[
    [
        0,
        1
    ],
    [
        1,
        2
    ],
    [
        0,
        3
    ],
    [
        3,
        4
    ],
    [
        3,
        5
    ],
    [
        3,
        6
    ],
    [
        3,
        7
    ],
    [
        3,
        8
    ],
    [
        3,
        9
    ],
    [
        0,
        10
    ],
    [
        10,
        11
    ],
    [
        10,
        12
    ],
    [
        0,
        13
    ],
    [
        13,
        14
    ],
    [
        13,
        15
    ],
    [
        13,
        16
    ],
    [
        13,
        17
    ],
    [
        13,
        18
    ],
    [
        13,
        19
    ],
    [
        13,
        20
    ],
    [
        13,
        21
    ],
    [
        0,
        22
    ],
    [
        22,
        23
    ],
    [
        22,
        24
    ],
    [
        22,
        25
    ],
    [
        22,
        26
    ],
    [
        22,
        27
    ],
    [
        22,
        28
    ],
    [
        22,
        29
    ],
    [
        22,
        30
    ],
    [
        22,
        31
    ],
    [
        0,
        32
    ],
    [
        32,
        33
    ],
    [
        32,
        34
    ],
    [
        32,
        35
    ],
    [
        32,
        36
    ],
    [
        32,
        37
    ],
    [
        32,
        38
    ],
    [
        32,
        39
    ],
    [
        32,
        40
    ],
    [
        0,
        41
    ],
    [
        41,
        42
    ],
    [
        41,
        43
    ],
    [
        41,
        44
    ],
    [
        0,
        45
    ],
    [
        45,
        46
    ],
    [
        45,
        47
    ],
    [
        45,
        48
    ],
    [
        45,
        49
    ],
    [
        45,
        50
    ],
    [
        45,
        51
    ],
    [
        45,
        52
    ],
    [
        45,
        53
    ],
    [
        0,
        54
    ],
    [
        54,
        55
    ],
    [
        54,
        56
    ],
    [
        0,
        57
    ],
    [
        57,
        58
    ],
    [
        57,
        59
    ],
    [
        57,
        60
    ],
    [
        57,
        61
    ],
    [
        57,
        62
    ],
    [
        0,
        63
    ],
    [
        63,
        64
    ],
    [
        63,
        65
    ],
    [
        63,
        66
    ],
    [
        0,
        67
    ],
    [
        67,
        68
    ],
    [
        67,
        69
    ],
    [
        67,
        70
    ],
    [
        67,
        71
    ],
    [
        67,
        72
    ],
    [
        67,
        73
    ],
    [
        67,
        74
    ],
    [
        67,
        75
    ],
    [
        0,
        76
    ],
    [
        76,
        77
    ],
    [
        0,
        78
    ],
    [
        78,
        79
    ],
    [
        78,
        80
    ],
    [
        78,
        81
    ],
    [
        78,
        82
    ],
    [
        0,
        83
    ],
    [
        83,
        84
    ],
    [
        0,
        85
    ],
    [
        85,
        86
    ],
    [
        85,
        87
    ],
    [
        85,
        88
    ],
    [
        85,
        89
    ],
    [
        85,
        90
    ],
    [
        85,
        91
    ],
    [
        0,
        92
    ],
    [
        92,
        93
    ],
    [
        92,
        94
    ],
    [
        92,
        95
    ],
    [
        0,
        96
    ],
    [
        96,
        97
    ],
    [
        96,
        98
    ],
    [
        96,
        99
    ],
    [
        96,
        100
    ],
    [
        96,
        101
    ],
    [
        96,
        102
    ],
    [
        96,
        103
    ],
    [
        96,
        104
    ],
    [
        0,
        105
    ],
    [
        105,
        106
    ],
    [
        0,
        107
    ],
    [
        107,
        108
    ],
    [
        107,
        109
    ],
    [
        107,
        110
    ],
    [
        107,
        111
    ],
    [
        107,
        112
    ],
    [
        107,
        113
    ],
    [
        107,
        114
    ],
    [
        107,
        115
    ],
    [
        0,
        116
    ],
    [
        116,
        117
    ],
    [
        116,
        118
    ],
    [
        116,
        119
    ],
    [
        0,
        120
    ],
    [
        120,
        121
    ],
    [
        120,
        122
    ],
    [
        120,
        123
    ],
    [
        120,
        124
    ],
    [
        120,
        125
    ],
    [
        120,
        126
    ],
    [
        0,
        127
    ],
    [
        127,
        128
    ],
    [
        127,
        129
    ],
    [
        127,
        130
    ],
    [
        0,
        131
    ],
    [
        131,
        132
    ],
    [
        131,
        133
    ],
    [
        131,
        134
    ],
    [
        131,
        135
    ],
    [
        131,
        136
    ],
    [
        131,
        137
    ],
    [
        131,
        138
    ],
    [
        131,
        139
    ],
    [
        0,
        140
    ],
    [
        140,
        141
    ],
    [
        140,
        142
    ],
    [
        140,
        143
    ],
    [
        0,
        144
    ],
    [
        144,
        145
    ],
    [
        144,
        146
    ],
    [
        144,
        147
    ],
    [
        144,
        148
    ],
    [
        144,
        149
    ],
    [
        144,
        150
    ],
    [
        0,
        151
    ],
    [
        151,
        152
    ],
    [
        0,
        153
    ],
    [
        153,
        154
    ],
    [
        153,
        155
    ],
    [
        153,
        156
    ],
    [
        153,
        157
    ],
    [
        153,
        158
    ],
    [
        153,
        159
    ],
    [
        153,
        160
    ],
    [
        153,
        161
    ],
    [
        0,
        162
    ],
    [
        162,
        163
    ],
    [
        162,
        164
    ],
    [
        162,
        165
    ],
    [
        162,
        166
    ],
    [
        162,
        167
    ],
    [
        162,
        168
    ],
    [
        0,
        169
    ],
    [
        169,
        170
    ],
    [
        169,
        171
    ],
    [
        169,
        172
    ],
    [
        169,
        173
    ],
    [
        169,
        174
    ],
    [
        169,
        175
    ],
    [
        169,
        176
    ],
    [
        169,
        177
    ],
    [
        0,
        178
    ],
    [
        178,
        179
    ],
    [
        178,
        180
    ],
    [
        0,
        181
    ],
    [
        181,
        182
    ],
    [
        181,
        183
    ],
    [
        181,
        184
    ],
    [
        181,
        185
    ],
    [
        181,
        186
    ],
    [
        181,
        187
    ],
    [
        181,
        188
    ],
    [
        181,
        189
    ],
    [
        0,
        190
    ],
    [
        190,
        191
    ],
    [
        190,
        192
    ],
    [
        190,
        193
    ],
    [
        190,
        194
    ],
    [
        0,
        195
    ],
    [
        195,
        196
    ],
    [
        195,
        197
    ],
    [
        195,
        198
    ],
    [
        195,
        199
    ],
    [
        195,
        200
    ],
    [
        195,
        201
    ],
    [
        195,
        202
    ],
    [
        195,
        203
    ],
    [
        0,
        204
    ],
    [
        204,
        205
    ],
    [
        204,
        206
    ],
    [
        204,
        207
    ],
    [
        204,
        208
    ],
    [
        204,
        209
    ],
    [
        204,
        210
    ],
    [
        0,
        211
    ],
    [
        211,
        212
    ],
    [
        211,
        213
    ],
    [
        211,
        214
    ],
    [
        211,
        215
    ],
    [
        211,
        216
    ],
    [
        211,
        217
    ],
    [
        211,
        218
    ],
    [
        211,
        219
    ],
    [
        0,
        220
    ],
    [
        220,
        221
    ],
    [
        220,
        222
    ],
    [
        0,
        223
    ],
    [
        223,
        224
    ],
    [
        223,
        225
    ],
    [
        223,
        226
    ],
    [
        223,
        227
    ],
    [
        223,
        228
    ],
    [
        223,
        229
    ],
    [
        223,
        230
    ],
    [
        223,
        231
    ],
    [
        0,
        232
    ],
    [
        232,
        233
    ],
    [
        0,
        234
    ],
    [
        234,
        235
    ],
    [
        234,
        236
    ],
    [
        234,
        237
    ],
    [
        234,
        238
    ],
    [
        234,
        239
    ],
    [
        234,
        240
    ],
    [
        234,
        241
    ],
    [
        234,
        242
    ],
    [
        0,
        243
    ],
    [
        243,
        244
    ],
    [
        243,
        245
    ],
    [
        243,
        246
    ],
    [
        243,
        247
    ],
    [
        243,
        248
    ],
    [
        243,
        249
    ],
    [
        243,
        250
    ],
    [
        243,
        251
    ],
    [
        243,
        252
    ],
    [
        0,
        253
    ],
    [
        253,
        254
    ],
    [
        253,
        255
    ],
    [
        253,
        256
    ],
    [
        253,
        257
    ],
    [
        253,
        258
    ],
    [
        253,
        259
    ],
    [
        253,
        260
    ],
    [
        253,
        261
    ],
    [
        0,
        262
    ],
    [
        262,
        263
    ],
    [
        0,
        264
    ],
    [
        264,
        265
    ],
    [
        264,
        266
    ],
    [
        264,
        267
    ],
    [
        264,
        268
    ],
    [
        264,
        269
    ],
    [
        264,
        270
    ],
    [
        264,
        271
    ],
    [
        264,
        272
    ],
    [
        0,
        273
    ],
    [
        273,
        274
    ],
    [
        273,
        275
    ],
    [
        273,
        276
    ],
    [
        0,
        277
    ],
    [
        277,
        278
    ],
    [
        277,
        279
    ],
    [
        277,
        280
    ],
    [
        277,
        281
    ],
    [
        277,
        282
    ],
    [
        277,
        283
    ],
    [
        0,
        284
    ],
    [
        284,
        285
    ],
    [
        0,
        286
    ],
    [
        286,
        287
    ],
    [
        286,
        288
    ],
    [
        286,
        289
    ],
    [
        286,
        290
    ],
    [
        286,
        291
    ],
    [
        286,
        292
    ],
    [
        286,
        293
    ],
    [
        286,
        294
    ],
    [
        0,
        295
    ],
    [
        295,
        296
    ],
    [
        0,
        297
    ],
    [
        297,
        298
    ],
    [
        297,
        299
    ],
    [
        297,
        300
    ],
    [
        297,
        301
    ],
    [
        297,
        302
    ],
    [
        297,
        303
    ],
    [
        297,
        304
    ],
    [
        297,
        305
    ],
    [
        0,
        306
    ],
    [
        306,
        307
    ],
    [
        0,
        308
    ],
    [
        308,
        309
    ],
    [
        308,
        310
    ],
    [
        308,
        311
    ],
    [
        308,
        312
    ],
    [
        308,
        313
    ],
    [
        308,
        314
    ],
    [
        308,
        315
    ],
    [
        308,
        316
    ],
    [
        0,
        317
    ],
    [
        317,
        318
    ],
    [
        317,
        319
    ],
    [
        317,
        320
    ],
    [
        317,
        321
    ],
    [
        0,
        322
    ],
    [
        322,
        323
    ],
    [
        322,
        324
    ],
    [
        322,
        325
    ],
    [
        322,
        326
    ],
    [
        322,
        327
    ],
    [
        322,
        328
    ],
    [
        322,
        329
    ],
    [
        322,
        330
    ],
    [
        0,
        331
    ],
    [
        331,
        332
    ],
    [
        0,
        333
    ],
    [
        333,
        334
    ],
    [
        333,
        335
    ],
    [
        333,
        336
    ],
    [
        333,
        337
    ],
    [
        333,
        338
    ],
    [
        333,
        339
    ],
    [
        333,
        340
    ],
    [
        333,
        341
    ],
    [
        0,
        342
    ],
    [
        342,
        343
    ],
    [
        342,
        344
    ],
    [
        0,
        345
    ],
    [
        345,
        346
    ],
    [
        345,
        347
    ],
    [
        345,
        348
    ],
    [
        345,
        349
    ],
    [
        345,
        350
    ],
    [
        345,
        351
    ],
    [
        345,
        352
    ],
    [
        345,
        353
    ],
    [
        0,
        354
    ],
    [
        354,
        355
    ],
    [
        354,
        356
    ],
    [
        354,
        357
    ],
    [
        354,
        358
    ],
    [
        354,
        359
    ],
    [
        354,
        360
    ],
    [
        0,
        361
    ],
    [
        361,
        362
    ],
    [
        361,
        363
    ],
    [
        361,
        364
    ],
    [
        361,
        365
    ],
    [
        361,
        366
    ],
    [
        361,
        367
    ],
    [
        361,
        368
    ],
    [
        361,
        369
    ],
    [
        0,
        370
    ],
    [
        370,
        371
    ],
    [
        0,
        372
    ],
    [
        372,
        373
    ],
    [
        372,
        374
    ],
    [
        372,
        375
    ],
    [
        372,
        376
    ],
    [
        372,
        377
    ],
    [
        372,
        378
    ],
    [
        372,
        379
    ],
    [
        372,
        380
    ],
    [
        0,
        381
    ],
    [
        381,
        382
    ],
    [
        0,
        383
    ],
    [
        383,
        384
    ],
    [
        383,
        385
    ],
    [
        383,
        386
    ],
    [
        383,
        387
    ],
    [
        383,
        388
    ],
    [
        383,
        389
    ],
    [
        383,
        390
    ],
    [
        383,
        391
    ],
    [
        0,
        392
    ],
    [
        392,
        393
    ],
    [
        392,
        394
    ],
    [
        392,
        395
    ],
    [
        392,
        396
    ],
    [
        0,
        397
    ],
    [
        397,
        398
    ],
    [
        397,
        399
    ],
    [
        397,
        400
    ],
    [
        397,
        401
    ],
    [
        397,
        402
    ],
    [
        397,
        403
    ],
    [
        397,
        404
    ],
    [
        397,
        405
    ],
    [
        0,
        406
    ],
    [
        406,
        407
    ],
    [
        406,
        408
    ],
    [
        0,
        409
    ],
    [
        409,
        410
    ],
    [
        409,
        411
    ],
    [
        409,
        412
    ],
    [
        409,
        413
    ],
    [
        409,
        414
    ],
    [
        409,
        415
    ],
    [
        409,
        416
    ],
    [
        409,
        417
    ],
    [
        0,
        418
    ],
    [
        418,
        419
    ],
    [
        418,
        420
    ],
    [
        418,
        421
    ],
    [
        0,
        422
    ],
    [
        422,
        423
    ],
    [
        422,
        424
    ],
    [
        422,
        425
    ],
    [
        422,
        426
    ],
    [
        422,
        427
    ],
    [
        422,
        428
    ],
    [
        422,
        429
    ],
    [
        422,
        430
    ],
    [
        0,
        431
    ],
    [
        431,
        432
    ],
    [
        431,
        433
    ],
    [
        431,
        434
    ],
    [
        431,
        435
    ],
    [
        0,
        436
    ],
    [
        436,
        437
    ],
    [
        436,
        438
    ],
    [
        436,
        439
    ],
    [
        436,
        440
    ],
    [
        436,
        441
    ],
    [
        436,
        442
    ],
    [
        436,
        443
    ],
    [
        436,
        444
    ],
    [
        0,
        445
    ],
    [
        445,
        446
    ],
    [
        0,
        447
    ],
    [
        447,
        448
    ],
    [
        447,
        449
    ],
    [
        447,
        450
    ],
    [
        447,
        451
    ],
    [
        447,
        452
    ],
    [
        447,
        453
    ],
    [
        447,
        454
    ],
    [
        447,
        455
    ],
    [
        0,
        456
    ],
    [
        456,
        457
    ],
    [
        456,
        458
    ],
    [
        456,
        459
    ],
    [
        0,
        460
    ],
    [
        460,
        461
    ],
    [
        460,
        462
    ],
    [
        460,
        463
    ],
    [
        460,
        464
    ],
    [
        460,
        465
    ],
    [
        460,
        466
    ],
    [
        460,
        467
    ],
    [
        460,
        468
    ],
    [
        0,
        469
    ],
    [
        469,
        470
    ],
    [
        469,
        471
    ],
    [
        469,
        472
    ],
    [
        469,
        473
    ],
    [
        0,
        474
    ],
    [
        474,
        475
    ],
    [
        474,
        476
    ],
    [
        474,
        477
    ],
    [
        474,
        478
    ],
    [
        474,
        479
    ],
    [
        474,
        480
    ],
    [
        474,
        481
    ],
    [
        474,
        482
    ],
    [
        0,
        483
    ],
    [
        483,
        484
    ],
    [
        0,
        485
    ],
    [
        485,
        486
    ],
    [
        485,
        487
    ],
    [
        485,
        488
    ],
    [
        485,
        489
    ],
    [
        485,
        490
    ],
    [
        485,
        491
    ],
    [
        485,
        492
    ],
    [
        485,
        493
    ],
    [
        0,
        494
    ],
    [
        494,
        495
    ],
    [
        0,
        496
    ],
    [
        496,
        497
    ],
    [
        496,
        498
    ],
    [
        496,
        499
    ],
    [
        496,
        500
    ],
    [
        496,
        501
    ],
    [
        496,
        502
    ],
    [
        496,
        503
    ],
    [
        496,
        504
    ],
    [
        0,
        505
    ],
    [
        505,
        506
    ],
    [
        505,
        507
    ],
    [
        505,
        508
    ],
    [
        505,
        509
    ],
    [
        0,
        510
    ],
    [
        510,
        511
    ],
    [
        510,
        512
    ],
    [
        510,
        513
    ],
    [
        510,
        514
    ],
    [
        510,
        515
    ],
    [
        510,
        516
    ],
    [
        510,
        517
    ],
    [
        510,
        518
    ],
    [
        0,
        519
    ],
    [
        519,
        520
    ],
    [
        519,
        521
    ],
    [
        519,
        522
    ],
    [
        519,
        523
    ],
    [
        519,
        524
    ],
    [
        0,
        525
    ],
    [
        525,
        526
    ],
    [
        525,
        527
    ],
    [
        525,
        528
    ],
    [
        525,
        529
    ],
    [
        525,
        530
    ],
    [
        525,
        531
    ],
    [
        525,
        532
    ],
    [
        525,
        533
    ],
    [
        0,
        534
    ],
    [
        534,
        535
    ],
    [
        534,
        536
    ],
    [
        534,
        537
    ],
    [
        534,
        538
    ],
    [
        534,
        539
    ],
    [
        0,
        540
    ],
    [
        540,
        541
    ],
    [
        540,
        542
    ],
    [
        540,
        543
    ],
    [
        540,
        544
    ],
    [
        540,
        545
    ],
    [
        540,
        546
    ],
    [
        540,
        547
    ],
    [
        540,
        548
    ],
    [
        0,
        549
    ],
    [
        549,
        550
    ],
    [
        549,
        551
    ],
    [
        549,
        552
    ],
    [
        549,
        553
    ],
    [
        549,
        554
    ],
    [
        0,
        555
    ],
    [
        555,
        556
    ],
    [
        555,
        557
    ],
    [
        555,
        558
    ],
    [
        555,
        559
    ],
    [
        555,
        560
    ],
    [
        555,
        561
    ],
    [
        555,
        562
    ],
    [
        555,
        563
    ],
    [
        0,
        564
    ],
    [
        564,
        565
    ],
    [
        564,
        566
    ],
    [
        564,
        567
    ],
    [
        564,
        568
    ],
    [
        564,
        569
    ],
    [
        0,
        570
    ],
    [
        570,
        571
    ],
    [
        570,
        572
    ],
    [
        570,
        573
    ],
    [
        570,
        574
    ],
    [
        570,
        575
    ],
    [
        570,
        576
    ],
    [
        570,
        577
    ],
    [
        570,
        578
    ],
    [
        0,
        579
    ],
    [
        579,
        580
    ],
    [
        579,
        581
    ],
    [
        579,
        582
    ],
    [
        579,
        583
    ],
    [
        579,
        584
    ],
    [
        579,
        585
    ],
    [
        0,
        586
    ],
    [
        586,
        587
    ],
    [
        586,
        588
    ],
    [
        586,
        589
    ],
    [
        586,
        590
    ],
    [
        586,
        591
    ],
    [
        586,
        592
    ],
    [
        586,
        593
    ],
    [
        586,
        594
    ],
    [
        0,
        595
    ],
    [
        595,
        596
    ],
    [
        595,
        597
    ],
    [
        595,
        598
    ],
    [
        595,
        599
    ],
    [
        595,
        600
    ],
    [
        595,
        601
    ],
    [
        595,
        602
    ],
    [
        595,
        603
    ],
    [
        595,
        604
    ],
    [
        0,
        605
    ],
    [
        605,
        606
    ],
    [
        605,
        607
    ],
    [
        605,
        608
    ],
    [
        605,
        609
    ],
    [
        605,
        610
    ],
    [
        605,
        611
    ],
    [
        605,
        612
    ],
    [
        605,
        613
    ],
    [
        0,
        614
    ],
    [
        614,
        615
    ],
    [
        614,
        616
    ],
    [
        614,
        617
    ],
    [
        614,
        618
    ]
]