[
    [
        0,
        1
    ],
    [
        1,
        2
    ],
    [
        0,
        3
    ],
    [
        3,
        4
    ],
    [
        3,
        5
    ],
    [
        3,
        6
    ],
    [
        3,
        7
    ],
    [
        3,
        8
    ],
    [
        3,
        9
    ],
    [
        0,
        10
    ],
    [
        10,
        11
    ],
    [
        10,
        12
    ],
    [
        0,
        13
    ],
    [
        13,
        14
    ],
    [
        13,
        15
    ],
    [
        13,
        16
    ],
    [
        13,
        17
    ],
    [
        13,
        18
    ],
    [
        13,
        19
    ],
    [
        13,
        20
    ],
    [
        13,
        21
    ],
    [
        0,
        22
    ],
    [
        22,
        23
    ],
    [
        22,
        24
    ],
    [
        22,
        25
    ],
    [
        22,
        26
    ],
    [
        22,
        27
    ],
    [
        22,
        28
    ],
    [
        22,
        29
    ],
    [
        22,
        30
    ],
    [
        22,
        31
    ],
    [
        0,
        32
    ],
    [
        32,
        33
    ],
    [
        32,
        34
    ],
    [
        32,
        35
    ],
    [
        32,
        36
    ],
    [
        32,
        37
    ],
    [
        32,
        38
    ],
    [
        32,
        39
    ],
    [
        32,
        40
    ],
    [
        0,
        41
    ],
    [
        41,
        42
    ],
    [
        41,
        43
    ],
    [
        41,
        44
    ],
    [
        0,
        45
    ],
    [
        45,
        46
    ],
    [
        45,
        47
    ],
    [
        45,
        48
    ],
    [
        45,
        49
    ],
    [
        45,
        50
    ],
    [
        45,
        51
    ],
    [
        45,
        52
    ],
    [
        45,
        53
    ],
    [
        0,
        54
    ],
    [
        54,
        55
    ],
    [
        54,
        56
    ],
    [
        0,
        57
    ],
    [
        57,
        58
    ],
    [
        57,
        59
    ],
    [
        57,
        60
    ],
    [
        57,
        61
    ],
    [
        57,
        62
    ],
    [
        0,
        63
    ],
    [
        63,
        64
    ],
    [
        63,
        65
    ],
    [
        63,
        66
    ],
    [
        0,
        67
    ],
    [
        67,
        68
    ],
    [
        67,
        69
    ],
    [
        67,
        70
    ],
    [
        67,
        71
    ],
    [
        67,
        72
    ],
    [
        67,
        73
    ],
    [
        67,
        74
    ],
    [
        67,
        75
    ],
    [
        0,
        76
    ],
    [
        76,
        77
    ],
    [
        0,
        78
    ],
    [
        78,
        79
    ],
    [
        78,
        80
    ],
    [
        78,
        81
    ],
    [
        78,
        82
    ],
    [
        0,
        83
    ],
    [
        83,
        84
    ],
    [
        0,
        85
    ],
    [
        85,
        86
    ],
    [
        85,
        87
    ],
    [
        85,
        88
    ],
    [
        85,
        89
    ],
    [
        85,
        90
    ],
    [
        85,
        91
    ],
    [
        0,
        92
    ],
    [
        92,
        93
    ],
    [
        92,
        94
    ],
    [
        92,
        95
    ],
    [
        0,
        96
    ],
    [
        96,
        97
    ],
    [
        96,
        98
    ],
    [
        96,
        99
    ],
    [
        96,
        100
    ],
    [
        96,
        101
    ],
    [
        96,
        102
    ],
    [
        96,
        103
    ],
    [
        96,
        104
    ],
    [
        0,
        105
    ],
    [
        105,
        106
    ],
    [
        0,
        107
    ],
    [
        107,
        108
    ],
    [
        107,
        109
    ],
    [
        107,
        110
    ],
    [
        107,
        111
    ],
    [
        107,
        112
    ],
    [
        107,
        113
    ],
    [
        107,
        114
    ],
    [
        107,
        115
    ],
    [
        0,
        116
    ],
    [
        116,
        117
    ],
    [
        0,
        118
    ],
    [
        118,
        119
    ],
    [
        118,
        120
    ],
    [
        118,
        121
    ],
    [
        118,
        122
    ],
    [
        118,
        123
    ],
    [
        118,
        124
    ],
    [
        118,
        125
    ],
    [
        0,
        126
    ],
    [
        126,
        127
    ],
    [
        126,
        128
    ],
    [
        126,
        129
    ],
    [
        0,
        130
    ],
    [
        130,
        131
    ],
    [
        130,
        132
    ],
    [
        130,
        133
    ],
    [
        130,
        134
    ],
    [
        130,
        135
    ],
    [
        130,
        136
    ],
    [
        130,
        137
    ],
    [
        130,
        138
    ],
    [
        0,
        139
    ],
    [
        139,
        140
    ],
    [
        139,
        141
    ],
    [
        139,
        142
    ],
    [
        0,
        143
    ],
    [
        143,
        144
    ],
    [
        143,
        145
    ],
    [
        143,
        146
    ],
    [
        143,
        147
    ],
    [
        143,
        148
    ],
    [
        143,
        149
    ],
    [
        0,
        150
    ],
    [
        150,
        151
    ],
    [
        150,
        152
    ],
    [
        0,
        153
    ],
    [
        153,
        154
    ],
    [
        153,
        155
    ],
    [
        153,
        156
    ],
    [
        153,
        157
    ],
    [
        153,
        158
    ],
    [
        153,
        159
    ],
    [
        153,
        160
    ],
    [
        153,
        161
    ],
    [
        0,
        162
    ],
    [
        162,
        163
    ],
    [
        162,
        164
    ],
    [
        162,
        165
    ],
    [
        162,
        166
    ],
    [
        162,
        167
    ],
    [
        162,
        168
    ],
    [
        0,
        169
    ],
    [
        169,
        170
    ],
    [
        169,
        171
    ],
    [
        169,
        172
    ],
    [
        169,
        173
    ],
    [
        169,
        174
    ],
    [
        169,
        175
    ],
    [
        169,
        176
    ],
    [
        169,
        177
    ],
    [
        0,
        178
    ],
    [
        178,
        179
    ],
    [
        178,
        180
    ],
    [
        178,
        181
    ],
    [
        0,
        182
    ],
    [
        182,
        183
    ],
    [
        182,
        184
    ],
    [
        182,
        185
    ],
    [
        182,
        186
    ],
    [
        182,
        187
    ],
    [
        182,
        188
    ],
    [
        182,
        189
    ],
    [
        182,
        190
    ],
    [
        0,
        191
    ],
    [
        191,
        192
    ],
    [
        191,
        193
    ],
    [
        191,
        194
    ],
    [
        191,
        195
    ],
    [
        191,
        196
    ],
    [
        0,
        197
    ],
    [
        197,
        198
    ],
    [
        197,
        199
    ],
    [
        197,
        200
    ],
    [
        197,
        201
    ],
    [
        197,
        202
    ],
    [
        197,
        203
    ],
    [
        197,
        204
    ],
    [
        197,
        205
    ],
    [
        0,
        206
    ],
    [
        206,
        207
    ],
    [
        206,
        208
    ],
    [
        206,
        209
    ],
    [
        206,
        210
    ],
    [
        206,
        211
    ],
    [
        206,
        212
    ],
    [
        0,
        213
    ],
    [
        213,
        214
    ],
    [
        213,
        215
    ],
    [
        213,
        216
    ],
    [
        213,
        217
    ],
    [
        213,
        218
    ],
    [
        213,
        219
    ],
    [
        213,
        220
    ],
    [
        213,
        221
    ],
    [
        0,
        222
    ],
    [
        222,
        223
    ],
    [
        222,
        224
    ],
    [
        0,
        225
    ],
    [
        225,
        226
    ],
    [
        225,
        227
    ],
    [
        225,
        228
    ],
    [
        225,
        229
    ],
    [
        225,
        230
    ],
    [
        225,
        231
    ],
    [
        225,
        232
    ],
    [
        225,
        233
    ],
    [
        0,
        234
    ],
    [
        234,
        235
    ],
    [
        0,
        236
    ],
    [
        236,
        237
    ],
    [
        236,
        238
    ],
    [
        236,
        239
    ],
    [
        236,
        240
    ],
    [
        236,
        241
    ],
    [
        236,
        242
    ],
    [
        236,
        243
    ],
    [
        236,
        244
    ],
    [
        0,
        245
    ],
    [
        245,
        246
    ],
    [
        245,
        247
    ],
    [
        245,
        248
    ],
    [
        245,
        249
    ],
    [
        245,
        250
    ],
    [
        0,
        251
    ],
    [
        251,
        252
    ],
    [
        251,
        253
    ],
    [
        251,
        254
    ],
    [
        251,
        255
    ],
    [
        251,
        256
    ],
    [
        251,
        257
    ],
    [
        251,
        258
    ],
    [
        251,
        259
    ],
    [
        0,
        260
    ],
    [
        260,
        261
    ],
    [
        260,
        262
    ],
    [
        0,
        263
    ],
    [
        263,
        264
    ],
    [
        263,
        265
    ],
    [
        263,
        266
    ],
    [
        263,
        267
    ],
    [
        263,
        268
    ],
    [
        263,
        269
    ],
    [
        263,
        270
    ],
    [
        263,
        271
    ],
    [
        0,
        272
    ],
    [
        272,
        273
    ],
    [
        272,
        274
    ],
    [
        272,
        275
    ],
    [
        0,
        276
    ],
    [
        276,
        277
    ],
    [
        276,
        278
    ],
    [
        276,
        279
    ],
    [
        276,
        280
    ],
    [
        276,
        281
    ],
    [
        276,
        282
    ],
    [
        276,
        283
    ],
    [
        276,
        284
    ],
    [
        0,
        285
    ],
    [
        285,
        286
    ],
    [
        0,
        287
    ],
    [
        287,
        288
    ],
    [
        287,
        289
    ],
    [
        287,
        290
    ],
    [
        287,
        291
    ],
    [
        287,
        292
    ],
    [
        287,
        293
    ],
    [
        287,
        294
    ],
    [
        287,
        295
    ],
    [
        0,
        296
    ],
    [
        296,
        297
    ],
    [
        0,
        298
    ],
    [
        298,
        299
    ],
    [
        298,
        300
    ],
    [
        298,
        301
    ],
    [
        298,
        302
    ],
    [
        298,
        303
    ],
    [
        298,
        304
    ],
    [
        298,
        305
    ],
    [
        298,
        306
    ],
    [
        0,
        307
    ],
    [
        307,
        308
    ],
    [
        0,
        309
    ],
    [
        309,
        310
    ],
    [
        309,
        311
    ],
    [
        309,
        312
    ],
    [
        309,
        313
    ],
    [
        309,
        314
    ],
    [
        309,
        315
    ],
    [
        309,
        316
    ],
    [
        309,
        317
    ],
    [
        0,
        318
    ],
    [
        318,
        319
    ],
    [
        318,
        320
    ],
    [
        318,
        321
    ],
    [
        318,
        322
    ],
    [
        0,
        323
    ],
    [
        323,
        324
    ],
    [
        323,
        325
    ],
    [
        323,
        326
    ],
    [
        323,
        327
    ],
    [
        323,
        328
    ],
    [
        323,
        329
    ],
    [
        323,
        330
    ],
    [
        323,
        331
    ],
    [
        0,
        332
    ],
    [
        332,
        333
    ],
    [
        0,
        334
    ],
    [
        334,
        335
    ],
    [
        334,
        336
    ],
    [
        334,
        337
    ],
    [
        334,
        338
    ],
    [
        334,
        339
    ],
    [
        334,
        340
    ],
    [
        334,
        341
    ],
    [
        334,
        342
    ],
    [
        0,
        343
    ],
    [
        343,
        344
    ],
    [
        343,
        345
    ],
    [
        0,
        346
    ],
    [
        346,
        347
    ],
    [
        346,
        348
    ],
    [
        346,
        349
    ],
    [
        346,
        350
    ],
    [
        346,
        351
    ],
    [
        346,
        352
    ],
    [
        346,
        353
    ],
    [
        346,
        354
    ],
    [
        0,
        355
    ],
    [
        355,
        356
    ],
    [
        355,
        357
    ],
    [
        355,
        358
    ],
    [
        355,
        359
    ],
    [
        0,
        360
    ],
    [
        360,
        361
    ],
    [
        360,
        362
    ],
    [
        360,
        363
    ],
    [
        360,
        364
    ],
    [
        360,
        365
    ],
    [
        360,
        366
    ],
    [
        360,
        367
    ],
    [
        360,
        368
    ],
    [
        0,
        369
    ],
    [
        369,
        370
    ],
    [
        0,
        371
    ],
    [
        371,
        372
    ],
    [
        371,
        373
    ],
    [
        371,
        374
    ],
    [
        371,
        375
    ],
    [
        371,
        376
    ],
    [
        371,
        377
    ],
    [
        371,
        378
    ],
    [
        371,
        379
    ],
    [
        0,
        380
    ],
    [
        380,
        381
    ],
    [
        0,
        382
    ],
    [
        382,
        383
    ],
    [
        382,
        384
    ],
    [
        382,
        385
    ],
    [
        382,
        386
    ],
    [
        382,
        387
    ],
    [
        382,
        388
    ],
    [
        382,
        389
    ],
    [
        382,
        390
    ],
    [
        0,
        391
    ],
    [
        391,
        392
    ],
    [
        391,
        393
    ],
    [
        391,
        394
    ],
    [
        0,
        395
    ],
    [
        395,
        396
    ],
    [
        395,
        397
    ],
    [
        395,
        398
    ],
    [
        395,
        399
    ],
    [
        395,
        400
    ],
    [
        395,
        401
    ],
    [
        395,
        402
    ],
    [
        395,
        403
    ],
    [
        0,
        404
    ],
    [
        404,
        405
    ],
    [
        0,
        406
    ],
    [
        406,
        407
    ],
    [
        406,
        408
    ],
    [
        406,
        409
    ],
    [
        406,
        410
    ],
    [
        406,
        411
    ],
    [
        406,
        412
    ],
    [
        406,
        413
    ],
    [
        406,
        414
    ],
    [
        0,
        415
    ],
    [
        415,
        416
    ],
    [
        415,
        417
    ],
    [
        0,
        418
    ],
    [
        418,
        419
    ],
    [
        418,
        420
    ],
    [
        418,
        421
    ],
    [
        418,
        422
    ],
    [
        418,
        423
    ],
    [
        418,
        424
    ],
    [
        0,
        425
    ],
    [
        425,
        426
    ],
    [
        425,
        427
    ],
    [
        425,
        428
    ],
    [
        0,
        429
    ],
    [
        429,
        430
    ],
    [
        429,
        431
    ],
    [
        429,
        432
    ],
    [
        429,
        433
    ],
    [
        429,
        434
    ],
    [
        429,
        435
    ],
    [
        429,
        436
    ],
    [
        429,
        437
    ],
    [
        0,
        438
    ],
    [
        438,
        439
    ],
    [
        0,
        440
    ],
    [
        440,
        441
    ],
    [
        440,
        442
    ],
    [
        440,
        443
    ],
    [
        440,
        444
    ],
    [
        440,
        445
    ],
    [
        440,
        446
    ],
    [
        440,
        447
    ],
    [
        440,
        448
    ],
    [
        0,
        449
    ],
    [
        449,
        450
    ],
    [
        449,
        451
    ],
    [
        449,
        452
    ],
    [
        0,
        453
    ],
    [
        453,
        454
    ],
    [
        453,
        455
    ],
    [
        453,
        456
    ],
    [
        453,
        457
    ],
    [
        453,
        458
    ],
    [
        453,
        459
    ],
    [
        453,
        460
    ],
    [
        453,
        461
    ],
    [
        0,
        462
    ],
    [
        462,
        463
    ],
    [
        462,
        464
    ],
    [
        462,
        465
    ],
    [
        462,
        466
    ],
    [
        0,
        467
    ],
    [
        467,
        468
    ],
    [
        467,
        469
    ],
    [
        467,
        470
    ],
    [
        467,
        471
    ],
    [
        467,
        472
    ],
    [
        467,
        473
    ],
    [
        467,
        474
    ],
    [
        467,
        475
    ],
    [
        0,
        476
    ],
    [
        476,
        477
    ],
    [
        0,
        478
    ],
    [
        478,
        479
    ],
    [
        478,
        480
    ],
    [
        478,
        481
    ],
    [
        478,
        482
    ],
    [
        478,
        483
    ],
    [
        478,
        484
    ],
    [
        478,
        485
    ],
    [
        478,
        486
    ],
    [
        0,
        487
    ],
    [
        487,
        488
    ],
    [
        487,
        489
    ],
    [
        0,
        490
    ],
    [
        490,
        491
    ],
    [
        490,
        492
    ],
    [
        490,
        493
    ],
    [
        490,
        494
    ],
    [
        490,
        495
    ],
    [
        490,
        496
    ],
    [
        490,
        497
    ],
    [
        490,
        498
    ],
    [
        0,
        499
    ],
    [
        499,
        500
    ],
    [
        499,
        501
    ],
    [
        499,
        502
    ],
    [
        0,
        503
    ],
    [
        503,
        504
    ],
    [
        503,
        505
    ],
    [
        503,
        506
    ],
    [
        503,
        507
    ],
    [
        503,
        508
    ],
    [
        503,
        509
    ],
    [
        503,
        510
    ],
    [
        503,
        511
    ],
    [
        0,
        512
    ],
    [
        512,
        513
    ],
    [
        512,
        514
    ],
    [
        512,
        515
    ],
    [
        512,
        516
    ],
    [
        512,
        517
    ],
    [
        0,
        518
    ],
    [
        518,
        519
    ],
    [
        518,
        520
    ],
    [
        518,
        521
    ],
    [
        518,
        522
    ],
    [
        518,
        523
    ],
    [
        518,
        524
    ],
    [
        518,
        525
    ],
    [
        518,
        526
    ],
    [
        0,
        527
    ],
    [
        527,
        528
    ],
    [
        527,
        529
    ],
    [
        527,
        530
    ],
    [
        527,
        531
    ],
    [
        527,
        532
    ],
    [
        0,
        533
    ],
    [
        533,
        534
    ],
    [
        533,
        535
    ],
    [
        533,
        536
    ],
    [
        533,
        537
    ],
    [
        533,
        538
    ],
    [
        533,
        539
    ],
    [
        533,
        540
    ],
    [
        533,
        541
    ],
    [
        0,
        542
    ],
    [
        542,
        543
    ],
    [
        542,
        544
    ],
    [
        542,
        545
    ],
    [
        542,
        546
    ],
    [
        542,
        547
    ],
    [
        0,
        548
    ],
    [
        548,
        549
    ],
    [
        548,
        550
    ],
    [
        548,
        551
    ],
    [
        548,
        552
    ],
    [
        548,
        553
    ],
    [
        548,
        554
    ],
    [
        548,
        555
    ],
    [
        548,
        556
    ],
    [
        0,
        557
    ],
    [
        557,
        558
    ],
    [
        557,
        559
    ],
    [
        557,
        560
    ],
    [
        557,
        561
    ],
    [
        557,
        562
    ],
    [
        0,
        563
    ],
    [
        563,
        564
    ],
    [
        563,
        565
    ],
    [
        563,
        566
    ],
    [
        563,
        567
    ],
    [
        563,
        568
    ],
    [
        563,
        569
    ],
    [
        563,
        570
    ],
    [
        563,
        571
    ],
    [
        0,
        572
    ],
    [
        572,
        573
    ],
    [
        572,
        574
    ],
    [
        572,
        575
    ],
    [
        572,
        576
    ],
    [
        572,
        577
    ],
    [
        0,
        578
    ],
    [
        578,
        579
    ],
    [
        578,
        580
    ],
    [
        578,
        581
    ],
    [
        578,
        582
    ],
    [
        578,
        583
    ],
    [
        578,
        584
    ],
    [
        578,
        585
    ],
    [
        578,
        586
    ],
    [
        0,
        587
    ],
    [
        587,
        588
    ],
    [
        587,
        589
    ],
    [
        587,
        590
    ],
    [
        587,
        591
    ],
    [
        587,
        592
    ],
    [
        587,
        593
    ],
    [
        587,
        594
    ],
    [
        587,
        595
    ],
    [
        0,
        596
    ],
    [
        596,
        597
    ],
    [
        596,
        598
    ],
    [
        596,
        599
    ],
    [
        596,
        600
    ],
    [
        596,
        601
    ],
    [
        596,
        602
    ],
    [
        596,
        603
    ],
    [
        596,
        604
    ],
    [
        0,
        605
    ],
    [
        605,
        606
    ],
    [
        605,
        607
    ],
    [
        605,
        608
    ]
]